# KB3125574-Lite 3.0.0-rc.1
# Full-language physical terminal universe: 1228/1228.
# Exact minimum package count within sample-Installed relevant candidates: 152.
# REJECTED AS A MONOLITHIC PORTABLE INSTALL LIST:
# 2026-07-09 test = 82 ok / 63 NOT_APPLICABLE / 7 ACCESS_DENIED.
# Retained as the full-sample optimization result and audit artifact.
17
156
233
271
293
295
296
299
333
335
337
364
365
366
367
368
369
370
371
372
374
375
376
377
378
379
380
381
382
383
386
387
389
390
392
416
417
420
424
464
480
488
490
492
528
530
563
565
567
600
662
798
799
800
801
802
803
804
805
806
807
808
809
810
811
812
813
814
815
816
817
818
819
820
821
822
823
824
825
826
827
828
829
830
831
832
833
834
835
836
837
838
848
850
852
853
854
856
857
858
859
860
862
863
901
915
965
1048
1051
1056
1060
1072
1078
1084
1085
1090
1096
1097
1101
1349
1375
1459
1485
1487
1762
1784
1785
1787
1827
1977
2414
2417
2569
2627
2717
2720
2736
2738
2742
2745
2760
3152
4376
4410
4416
4437
4485
4492
4494
4539
4664
4666
