# Same exact set as full-feature-target-minimum-104.txt.
# Execution order for the final combined regression: 97 ordinary packages,
# followed by the seven MUMs containing explicit <driver> elements.
156
233
293
295
296
299
333
335
337
366
374
382
386
387
389
390
392
416
417
420
424
464
480
488
490
492
528
530
563
565
567
600
662
798
799
808
816
818
834
836
837
838
848
850
852
853
854
856
857
858
859
860
862
863
901
915
965
1051
1056
1060
1072
1078
1084
1085
1090
1096
1097
1101
1375
1459
1485
1762
1784
1785
1787
1977
2414
2417
2569
2627
2717
2720
2736
2738
2742
2745
2760
3152
4376
4410
4416
4437
4485
4492
4494
4539
4666
17
271
1048
1349
1487
1827
4664
